fx = 4.2278370361994904e-08
x1 = 2.9999669562950175
x2 = 1.9999973389336225
